889 328
126 852
708 874
12 706
24 586
251 363
737 214
695 87
498 872
807 803
268 321
412 67
85 854
176 528
849 963
694 300
345 513
854 63
336 142
409 881
583 347
738 597
602 782
420 328
592 817
61 361
87 397
425 984
598 571
186 818
639 937
988 672
879 811
482 103
687 236
350 833
458 904
936 922
276 732
387 768
679 18
988 625
579 236
236 970
591 467
599 382
232 547
507 345
765 291
450 718
201 980
536 602
753 242
443 81
616 527
371 55
966 843
411 193
171 851
792 902
371 384
880 579
195 662
568 600
324 948
468 244
436 263
452 510
534 993
814 510
381 975
538 161
573 619
922 937
828 796
877 326
691 523
832 253
116 435
249 128
138 599
995 91
994 855
743 95
599 181
569 519
128 758
324 440
150 518
378 221
666 639
809 175
632 84
15 293
358 694
445 361
231 364
147 828
805 543
937 714
272 453
390 769
214 718
456 125
643 92
286 654
194 939
547 600
549 128
462 290
678 906
480 7
993 339
998 147
467 952
889 309
134 925
820 208
870 367
943 642
26 627
171 7
733 559
352 330
532 436
351 346
331 782
688 724
305 808
869 89
680 730
571 199
303 107
982 717
258 324
52 913
419 469
135 121
429 677
867 610
774 899
252 126
758 3
830 71
306 486
505 513
238 325
683 400
800 918
510 299
949 701
590 911
298 344
754 310
298 151
295 147
599 614
535 51
445 475
115 820
959 1000
716 858
278 67
539 79
832 758
8 574
91 57
417 956
66 191
876 289
924 11
104 604
579 209
541 653
323 31
105 472
253 791
479 321
139 645
497 536
382 142
951 609
911 641
621 864
975 145
68 861
606 718
652 742
956 506
673 588
714 474
930 467
599 978
242 477
199 626
453 582
237 570
933 26
4 605
518 982
191 961
433 162
783 510
602 166
549 881
373 655
520 345
646 308
666 144
173 662
389 125
893 127
697 958
189 530
759 833
415 500
646 827
663 156
561 461
368 125
872 328
596 793
545 404
1000 968
130 536
153 698
230 198
607 497
623 267
877 760
995 994
658 148
367 857
240 354
246 976
670 274
258 327
198 259
648 404
118 271
151 391
205 738
548 906
968 248
699 481
99 760
252 159
566 56
520 183
841 798
533 512
308 222
183 445
647 510
203 260
356 571
37 940
810 134
271 244
911 868
969 839
344 134
62 352
703 573
738 477
851 747
668 14
226 678
516 106
834 388
46 750
258 234
711 690
1 872
747 344
323 646
956 604
371 451
901 54
936 246
796 995
81 765
237 927
795 905
271 947
501 975
352 905
174 612
982 453
877 862
553 806
652 925
391 306
561 306
7 254
359 197
554 785
811 154
934 678
859 511
61 782
88 130
234 942
698 983
666 933
173 362
385 450
984 427
312 442
134 568
823 896
449 76
361 988
375 681
402 506
483 380
207 971
270 923
255 434
242 471
602 829
57 131
711 414
624 932
470 997
993 246
506 667
597 332
687 408
579 578
775 363
172 952
567 552
984 177
17 191
713 141
249 840
550 50
817 127
457 543
186 4
477 905
919 391
558 312
197 56
948 579
459 418
641 306
652 293
995 924
231 291
946 798
176 266
95 366
374 283
906 474
272 197
927 906
758 298
959 83
961 234
233 670
614 893
27 603
955 791
716 187
912 735
58 375
183 469
419 307
413 337
112 261
411 846
724 324
721 786
525 125
213 53
506 870
293 792
322 309
663 609
510 237
204 701
65 107
589 392
737 770
284 199
38 435
562 431
493 13
899 941
561 356
539 189
255 834
63 301
457 341
305 908
830 814
395 912
60 973
608 343
946 618
205 325
736 49
379 452
161 273
952 204
947 555
265 296
25 383
531 16
948 750
620 60
815 863
402 474
293 496
177 434
789 45
766 188
608 39
495 783
273 972
654 791
76 110
142 379
766 395
40 859
831 850
81 387
139 734
37 615
414 642
811 587
783 239
248 409
960 320
236 450
247 531
479 37
687 25
144 591
984 184
921 959
418 68
612 177
818 8
491 194
277 650
633 658
222 519
991 867
179 669
590 15
834 77
240 897
60 87
887 336
891 464
192 726
991 860
679 680
170 865
384 290
855 672
993 673
179 152
672 348
173 70
149 717
768 239
105 347
250 256
457 55
847 692
479 521
582 98
242 294
819 960
871 714
285 824
780 787
147 134
27 674
46 545
162 740
39 64
709 807
496 592
543 594
515 566
132 371
306 767
729 841
276 309
558 880
399 996
221 600
838 354
935 606
509 151
150 400
605 770
332 446
254 109
833 773
640 912
767 735
248 98
629 906
794 722
934 495
49 868
486 61
257 824
498 132
472 484
493 353
42 214
869 106
335 447
910 861
196 813
541 471
523 122
732 274
30 861
468 620
336 28
333 813
627 572
929 378
454 187
153 271
213 523
778 844
550 483
622 485
156 737
749 174
108 17
874 947
522 974
55 283
454 251
637 816
960 611
448 381
472 687
382 636
456 697
893 821
277 607
676 189
400 969
793 258
787 208
327 211
458 340
642 578
520 63
54 62
454 320
880 639
789 668
777 335
531 147
38 432
114 246
101 288
296 153
841 992
917 453
770 649
94 64
590 257
957 911
472 553
898 327
712 234
62 40
504 532
137 220
960 364
481 910
441 767
508 947
825 944
19 515
925 193
939 90
49 687
671 823
57 358
332 343
391 130
170 626
694 695
6 129
585 67
173 391
569 73
159 260
836 155
999 618
292 855
72 542
338 184
787 10
96 455
597 936
974 411
461 37
964 865
154 119
523 18
779 199
942 211
696 352
469 154
304 183
95 649
578 635
116 786
200 932
595 103
637 14
411 335
730 590
35 625
737 337
60 461
631 968
391 30
49 871
189 587
328 156
14 218
381 834
121 757
255 397
498 347
67 425
912 628
503 88
268 19
832 264
763 613
96 420
842 18
477 795
636 611
967 15
985 811
297 897
481 771
508 664
776 876
629 596
895 619
883 260
22 429
594 677
357 640
791 679
824 708
609 547
843 346
65 312
256 717
514 463
163 444
301 148
268 473
384 120
111 308
743 729
511 434
882 575
717 264
665 422
801 920
65 492
251 112
359 597
95 796
772 674
652 980
266 837
909 528
563 949
104 797
766 71
818 420
127 526
970 646
676 934
219 595
869 911
750 874
513 625
334 868
88 287
804 274
346 918
44 832
41 728
569 130
902 339
15 443
919 245
919 12
248 936
649 612
340 251
186 285
170 761
775 562
611 532
838 250
897 366
377 913
170 295
829 307
338 298
520 58
995 604
518 508
794 647
515 885
481 558
405 650
601 481
500 921
705 59
604 301
124 312
760 966
830 559
976 428
621 137
338 386
871 895
469 577
50 94
9 738
376 965
426 727
372 247
639 59
48 453
773 147
887 678
482 876
292 475
533 116
713 669
585 652
368 737
631 527
223 222
167 111
395 573
869 88
630 486
225 502
684 472
391 118
125 676
925 716
364 255
459 377
125 970
823 234
681 241
135 460
258 186
962 721
14 325
627 640
609 869
676 38
436 50
848 219
646 136
332 432
355 416
317 287
314 615
475 718
431 68
827 758
957 550
601 316
90 488
246 342
346 434
191 641
118 656
570 753
673 417
538 460
945 755
984 494
937 170
81 475
314 922
771 240
709 675
426 644
980 926
76 25
461 189
765 190
8 547
414 862
157 83
224 735
90 814
548 261
887 525
100 934
348 293
703 147
204 721
424 311
598 721
815 661
756 510
674 510
980 304
970 606
965 843
89 672
612 724
850 222
437 212
55 443
645 983
135 916
916 454
895 158
280 568
330 567
614 274
479 394
788 225
235 994
22 652
858 472
179 128
489 454
973 375
116 261
805 804
942 607
282 538
378 291
660 284
528 870
935 459
293 162
49 738
794 483
826 857
636 163
251 862
794 687
455 741
89 218
363 590
990 878
115 46
803 924
757 267
830 132
332 420
976 491
909 90
487 662
333 717
229 855
3 559
289 754
974 743
293 159
699 896
180 318
659 80
647 410
758 584
401 923
821 899
340 241
533 703
827 204
202 997
877 267
890 200
8 6
511 510
742 920
345 884
41 86
85 821
260 526
366 244
176 804
981 28
152 975
960 716
481 565
96 826
578 972
819 239
636 893
984 553
588 70
203 299
749 262
347 865
201 693
347 834
320 504
637 523
451 531
777 187
793 14
666 511
893 169
34 290
203 166
31 404
128 775
718 731
526 876
96 462
673 515
922 72
347 222
958 476
18 634
890 284
508 645
568 830
948 759
472 165
675 441
629 977
332 359
982 92
626 597
839 247
340 198
650 120
375 451
530 436
202 626
817 210
385 22
354 953
117 161
102 943
7 198
309 995
173 704
817 270
792 364
964 335
277 94
355 364
237 537
914 284
863 239
455 881
91 479
640 831
228 661
347 17
688 275
380 148
651 788
178 794
814 156
29 975
831 625
242 851
649 882
54 581
951 486
773 145
132 492
845 63
640 345
112 48
948 570
143 833
114 563
593 951
639 950
721 451
935 714
444 827
845 321
661 147
767 11
346 325
81 329
583 253
778 626
797 112
612 821
472 669
111 159
558 431
479 376
103 505
499 108
433 576
619 394
214 926
447 414
786 536
69 708
656 607
301 902
289 98
174 323
893 788
465 447
99 223
99 706
987 642
868 586
439 190
639 344
282 682
844 26
244 578
886 222
454 423
452 315
350 794
728 620
167 804
988 524
199 798
268 907
55 952
179 992
120 1000
868 373
892 522
552 643
383 2
903 701
839 339
167 536
280 472
662 675
430 678
2 128
626 679
80 585
543 800
528 707
182 337
89 22
956 373
672 927
180 251
852 836
179 544
858 974
181 276
196 653
237 647
231 704
406 212
469 479
496 157
307 441
459 628
309 427
443 528
16 387
612 255
606 742
107 960
879 248
163 392
804 501
63 584
372 971
691 280
960 939
210 49
801 306
352 21
733 216
148 473
832 773
934 923
373 66
314 678
202 63
881 510
154 786
114 712
148 240
218 501
154 886
567 895
328 276
691 699
444 9
59 68
802 405
665 872
24 358
172 211
387 489
351 80
69 747
321 200
607 293
466 880
897 896
105 841
596 63
65 662
802 347
912 210
764 924
73 598
367 127
173 472
653 638
732 871
24 927
142 880
209 543
112 719
877 813
762 67
982 209
996 614
128 849
105 903
677 379
332 631
118 990
248 815
888 914
172 942
262 990
795 964
954 153
857 885
635 714
705 328
974 984
960 362
275 429
388 632
926 291
270 151
851 23
301 795
419 605
436 279
213 419
553 561
602 860
232 795
521 192
552 441
18 885
707 380
639 655
106 234
121 714
197 937
441 276
118 986
497 90
841 3
288 994
269 836
930 817
767 76
988 291
529 753
755 904
824 505
139 413
938 362
295 423
410 626
995 713
90 459
974 214
576 580
605 467
773 743
42 130
115 594
635 773
673 93
977 256
277 649
346 520
173 708
913 624
264 828
433 136
625 432
247 755
288 513
997 544
943 2
894 654
160 273
197 459
500 813
243 183
928 364
558 272
548 719
805 64
770 156
851 495
715 909
821 795
357 617
359 622
728 202
642 387
681 221
871 595
442 607
519 702
615 714
707 961
511 401
103 627
145 906
593 364
213 742
422 931
355 360
430 836
836 586
775 731
598 467
678 322
596 486
580 243
310 314
642 497
602 475
527 512
118 414
256 526
240 331
492 566
532 336
436 535
422 302
154 55
730 293
590 253
451 588
167 586
603 409
343 186
188 549
193 378
402 151
436 370
487 635
749 694
301 616
489 769
858 72
50 230
332 671
233 41
8 671
501 235
993 414
864 737
573 11
236 20
965 328
30 636
549 282
720 544
67 92
805 748
951 463
537 498
949 863
363 60
722 235
781 594
225 857
34 864
476 515
984 962
95 758
83 349
44 606
984 433
915 749
972 401
222 430
686 613
748 5
309 181
949 371
778 392
383 985
114 957
812 591
974 632
209 206
352 456
390 535
490 530
820 469
770 102
339 175
339 362
82 805
379 895
536 504
114 19
797 564
320 240
411 42
750 931
854 666
380 841
236 34
538 354
870 635
771 998
437 314
201 892
866 344
653 734
165 53
883 834
116 827
482 95
288 438
307 186
240 930
655 725
393 109
780 452
218 937
945 260
29 7
676 574
537 20
613 291
260 150
32 65
448 3
945 174
783 998
411 419
176 19
733 678
712 645
110 948
959 377
575 585
109 228
20 243
108 988
163 245
966 62
937 974
828 456
444 83
320 827
807 225
470 509
746 613
124 890
47 809
644 284
853 620
163 687
650 186
69 126
290 701
532 232
34 799
429 650
376 464
549 858
515 785
166 47
682 988
493 912
470 160
36 97
817 92
723 975
356 210
453 382
906 253
961 213
357 530
109 868
845 324
610 681
416 333
120 309
711 784
485 947
593 397
497 680
801 411
934 48
829 41
422 986
872 412
583 83
890 440
470 680
654 866
693 281
930 348
540 657
172 941
137 376
996 590
43 979
455 130
381 902
273 3
866 174
142 675
87 925
477 841
958 756
304 759
415 711
677 905
14 678
3 798
843 886
401 885
632 521
748 194
281 166
159 558
638 839
45 240
711 240
745 948
192 756
55 230
334 900
57 599
767 656
797 577
834 760
183 204
128 106
430 183
919 859
685 493
197 845
168 874
548 787
128 62
902 333
701 779
111 836
410 447
129 911
80 574
938 742
995 838
951 972
203 69
363 959
457 812
161 316
547 782
185 953
271 794
490 142
314 978
327 384
544 670
434 714
501 540
231 997
213 175
981 553
81 70
902 993
713 929
959 501
353 28
17 691
94 659
64 850
31 590
749 699
923 193
311 797
972 512
604 287
852 929
381 234
438 479
17 765
509 212
816 9
48 82
480 653
282 115
322 238
239 264
610 476
390 963
525 556
196 329
107 920
634 428
589 211
507 902
92 93
417 595
159 905
905 460
396 447
682 832
451 560
409 379
881 296
762 702
306 652
441 265
204 158
758 115
137 465
194 376
708 193
970 324
455 663
462 931
367 240
161 766
263 333
315 742
328 664
190 212
355 402
83 622
248 540
64 708
245 174
319 50
562 632
397 740
981 750
741 737
205 686
212 899
801 288
432 493
67 422
295 736
722 220
721 660
668 33
170 261
109 635
792 530
309 13
11 933
492 15
547 693
943 113
667 419
645 74
687 434
174 314
695 898
932 11
6 72
834 692
214 670
263 662
939 816
191 707
20 740
846 653
606 943
580 541
975 47
970 581
815 26
253 171
271 317
47 138
387 236
525 179
23 913
121 960
106 910
128 870
414 674
634 247
784 668
443 176
334 118
600 767
512 679
166 134
594 230
848 685
942 412
263 543
838 782
833 201
769 386
512 590
410 842
924 666
52 708
324 372
302 813
520 766
771 150
584 41
843 625
475 470
667 202
84 157
568 1000
462 752
282 936
705 331
928 558
253 297
543 478
421 532
347 781
728 521
438 913
605 533
222 645
852 802
638 352
988 101
344 888
930 994
289 658
164 638
780 146
754 688
469 966
699 537
890 909
485 449
299 145
399 504
639 170
540 615
661 225
181 673
893 576
758 934
304 353
542 147
500 672
572 592
985 358
723 756
135 438
714 283
111 77
235 687
630 387
651 96
677 139
355 704
688 186
728 211
87 112
737 738
988 978
608 623
614 522
789 951
458 691
985 608
989 696
115 387
787 10
442 723
903 424
103 782
842 423
747 509
386 334
553 905
742 754
665 41
601 869
765 691
152 742
737 881
506 392
169 583
125 127
283 992
899 757
857 426
309 39
386 961
424 901
528 399
825 649
111 584
11 498
582 241
486 717
636 774
607 158
857 494
633 126
839 156
36 245
772 595
214 884
962 880
963 560
951 549
293 507
377 948
748 388
539 576
237 985
515 900
117 287
586 640
475 575
212 803
921 856
682 179
341 488
330 926
183 929
364 78
874 567
909 39
162 755
680 538
309 12
723 36
293 949
457 980
944 771
555 477
777 765
604 13
842 280
45 25
104 580
416 669
197 119
373 983
617 656
10 552
378 934
416 344
389 292
188 547
939 483
773 68
287 922
997 818
484 361
831 725
344 729
210 487
565 508
934 846
737 321
715 980
53 333
996 388
173 528
922 539
322 309
507 50
707 553
217 413
561 552
59 484
732 894
236 770
751 598
973 864
758 566
3 218
979 861
396 240
584 814
397 812
311 672
744 927
462 439
467 168
457 256
422 66
709 95
26 660
371 485
321 811
369 497
738 448
96 727
714 944
454 90
16 721
751 576
677 231
23 25
66 100
911 673
798 876
394 305
681 751
381 624
215 976
190 990
258 898
506 949
504 861
838 931
452 913
944 730
345 662
936 339
7 225
893 745
333 847
816 188
300 171
261 608
93 520
953 524
794 124
501 164
684 886
552 30
267 211
326 701
43 998
908 534
962 676
421 189
768 353
860 874
604 106
294 143
97 305
476 408
809 684
734 395
59 108
586 985
893 145
863 38
321 708
933 844
406 938
687 429
733 925
395 248
406 329
43 672
650 119
319 700
215 811
41 274
515 587
173 789
610 419
159 169
329 501
636 122
611 617
9 309
217 924
586 266
251 378
486 685
409 226
643 669
662 423
541 549
584 652
960 754
72 121
947 226
716 109
547 859
70 622
328 929
472 45
474 391
105 246
479 267
560 413
734 874
824 250
653 60
968 82
937 326
286 445
173 216
397 348
520 509
180 341
226 589
216 541
892 146
32 35
308 360
134 217
529 620
895 792
220 433
900 769
314 141
284 674
916 984
492 88
336 664
196 844
655 487
990 915
730 537
807 36
321 286
594 659
898 665
770 850
372 728
381 240
928 822
582 797
239 270
421 494
918 237
324 156
240 694
177 492
151 681
934 202
627 573
155 229
247 828
125 861
198 978
398 101
132 92
352 197
593 973
819 555
173 682
734 687
812 120
851 36
607 76
513 216
422 160
411 711
294 489
384 165
177 176
117 914
819 137
826 341
623 79
437 792
593 711
257 405
611 113
609 605
879 662
464 952
118 623
73 10
773 26
690 164
534 593
476 405
953 245
992 436
956 363
131 896
750 751
427 496
587 494
691 603
679 220
970 23
577 116
799 803
150 341
51 804
389 502
663 183
46 382
641 795
182 16
653 266
180 825
736 576
583 110
43 817
107 982
462 958
550 291
825 988
96 841
441 615
446 528
424 720
955 541
366 755
856 586
421 630
385 57
629 628
747 78
350 706
109 281
654 653
78 664
139 500
909 710
71 601
693 750
210 480
131 29
879 2
559 844
969 242
650 576
151 697
186 152
601 150
968 115
804 339
631 109
794 172
672 436
498 352
643 416
641 414
331 507
408 832
666 238
590 492
940 549
542 842
692 22
158 916
58 243
550 907
667 267
314 34
61 26
954 45
978 684
332 280
487 662
48 729
514 372
520 913
835 549
742 117
128 617
883 771
259 328
626 503
122 356
66 457
213 342
690 531
901 743
792 943
499 55
114 262
253 793
983 294
872 147
375 385
88 243
581 14
492 125
536 770
386 907
215 759
283 317
624 141
525 764
346 591
429 220
221 930
448 158
364 664
553 598
542 654
345 989
134 913
412 214
863 881
670 723
958 127
484 27
714 142
526 299
741 668
529 511
186 978
974 615
866 753
582 884
6 226
46 489
694 97
28 594
804 289
9 989
582 74
71 489
694 27
730 512
337 851
629 140
497 252
212 219
865 954
965 695
667 497
506 791
130 256
492 454
914 612
377 487
97 677
208 424
790 743
528 260
18 561
225 579
1000 965
768 898
999 543
921 150
632 498
569 997
574 282
987 180
977 18
905 739
907 202
562 924
94 94
343 152
933 89
305 614
663 98
61 974
44 647
875 351
483 319
810 507
539 220
674 731
830 485
26 724
642 730
187 203
123 574
812 686
443 816
755 509
211 3
628 219
502 917
646 57
550 469
419 795
959 303
834 751
955 76
950 981
781 632
936 765
721 671
743 550
340 750
167 996
512 585
396 246
495 902
483 869
130 120
678 323
574 986
618 287
73 799
78 566
661 328
426 174
509 460
837 615
786 322
195 332
265 929
97 516
411 728
168 585
746 60
617 417
314 579
14 153
778 843
826 196
311 731
973 198
748 413
520 147
248 583
239 832
39 159
247 479
904 553
24 24
736 153
846 569
179 634
395 685
621 323
685 800
219 47
784 217
434 779
840 925
646 338
263 542
107 415
236 158
461 411
416 522
279 462
150 121
730 301
992 491
334 586
694 73
879 933
807 209
541 37
70 681
542 513
59 202
537 413
453 660
83 40
126 928
287 721
590 30
627 914
974 249
928 228
224 123
848 37
692 862
892 892
610 228
547 358
832 265
893 190
87 527
656 704
516 32
100 963
233 280
22 35
985 467
275 589
415 153
411 708
229 840
286 997
779 48
60 2
94 255
891 138
600 700
587 897
868 144
392 296
526 12
806 70
982 22
970 983
132 930
579 817
20 523
138 188
756 36
831 941
780 682
165 170
286 162
771 586
913 175
368 27
245 674
420 705
117 340
633 592
364 20
2 643
767 298
228 424
17 762
617 160
271 2
216 722
323 532
95 41
968 948
818 93
379 216
530 493
485 190
193 197
891 915
637 344
459 406
564 452
918 518
784 565
480 222
842 431
215 285
116 838
404 614
488 433
596 879
597 248
931 558
325 656
702 955
915 198
427 293
923 527
203 490
849 924
245 170
657 941
99 482
265 729
976 432
288 439
780 610
280 39
951 218
54 907
751 953
252 19
191 700
641 314
14 604
856 252
627 819
173 159
99 923
411 380
835 517
471 631
605 482
629 956
916 941
845 270
944 664
133 785
981 744
1 361
961 93
981 367
693 664
852 318
495 770
527 947
415 789
585 131
118 98
531 855
91 982
723 578
846 953
543 990
953 213
388 929
32 320
85 796
522 988
402 202
9 178
514 369
424 347
687 929
893 497
394 498
844 70
862 426
835 225
682 690
662 752
418 271
759 286
434 925
563 42
152 774
300 541
886 193
167 373
143 800
421 719
287 660
925 593
574 768
762 198
754 111
109 679
335 99
661 907
308 461
535 143
646 638
325 423
184 458
933 333
273 674
957 653
714 816
304 572
854 856
242 838
547 946
156 426
837 758
850 157
26 101
204 477
852 888
818 688
83 476
955 748
797 835
460 282
4 612
503 481
829 319
563 262
455 980
523 385
129 626
394 370
179 505
337 760
630 309
953 828
274 819
734 334
758 508
98 746
59 253
758 419
190 182
